.Random.seed <-
c(403L, 539L, -887769481L, -1909661405L, 684112097L, -1449303422L, 
1720607924L, -1804922247L, -1506887302L, 711196224L, -1197868913L, 
446376195L, -801497517L, 801483728L, 1917813258L, -450001296L, 
-1156325252L, -613603878L, -1918569466L, 798528672L, 2096639536L, 
-1345743035L, 1229058010L, 1852893854L, -1124204001L, -215877151L, 
701776760L, 1606005420L, -1242581483L, 182259968L, -2054769785L, 
796205747L, 1546314257L, -1846815761L, -1230735090L, -1604251648L, 
-746836027L, -650104187L, 2053845849L, -100147930L, 1600885381L, 
-1785054181L, 90396295L, -309794366L, 1906105187L, 1539798746L, 
1440469987L, 1163593041L, 872236812L, -912291579L, 473243159L, 
-556101784L, 778017307L, 920509305L, -1682438714L, -1869667000L, 
-552168575L, -1965187165L, 956298715L, -1157627615L, 1644872614L, 
945434104L, 282742757L, 775441496L, -302177516L, -721198735L, 
16975518L, -922731116L, -603599521L, 216948930L, 1605705039L, 
-680596020L, 1739401276L, 1299434951L, -623391125L, 2077059434L, 
-270399791L, -1116200694L, -325929440L, -1024774607L, 964464535L, 
1456525525L, 614844036L, 434121874L, 424607193L, -2032846026L, 
-1394310660L, -1525932856L, -895103367L, 1092943158L, -960602879L, 
688586442L, 1036751446L, 1934892557L, -1710987118L, 1250106527L, 
-661614619L, -1345631376L, -73286301L, -97370080L, -183115610L, 
-1627171343L, -307712211L, -96215258L, 621026505L, -2099822842L, 
-2016721423L, 1974482516L, -1467172376L, -1868311492L, -1263713984L, 
-375555985L, -509372864L, -919147285L, 213432430L, -908777703L, 
125238245L, 1698307963L, -564860320L, -1944214198L, -1986134585L, 
-215338709L, 1151187008L, 1223511457L, 506601955L, -62024131L, 
1884494095L, -601857894L, 307897275L, -1009692679L, 477462225L, 
598943432L, -155174783L, -1211237350L, -703814482L, -490239891L, 
1659884155L, 30676061L, 752845663L, 589753094L, -1738804070L, 
2069414947L, 1097586200L, -1830503379L, -1351709013L, 2050672080L, 
-1118824127L, 622292586L, -1539255409L, 2135824580L, -1772388145L, 
-630320548L, -2074702201L, 1876838306L, 1466524308L, -1601200279L, 
-659537281L, -1618899949L, -1205884640L, 873595955L, -145609456L, 
-1115030145L, 1424576404L, -112656276L, 1832928263L, 1355847083L, 
1497640969L, 1198717391L, -301280260L, 1679780022L, 1217225030L, 
-1621409689L, 162937235L, 715655688L, 959637381L, -1750321636L, 
1442422612L, 1360038437L, -1764098679L, -2084666375L, -1275725858L, 
-411538931L, 1343965215L, 929549267L, -942782907L, 1458613481L, 
1917831865L, -560540722L, 1886544241L, 1804152180L, -551823813L, 
1591549892L, 2047479046L, -440458793L, -1157204497L, -773149341L, 
-261873898L, -1718065177L, 2032463350L, 128253909L, -1911951500L, 
-312272949L, 1363999431L, -2137166436L, 1111587911L, 1322953263L, 
429114567L, 1699052915L, -1160954920L, 505755328L, -899543861L, 
-121565967L, -1238745202L, 1352993418L, -895524815L, -1300654358L, 
-111978659L, -2121776946L, 1129303578L, 1829912089L, -1370238525L, 
-1195635867L, -2000363427L, -2072943234L, -1837082320L, -1694659996L, 
-2125662310L, -483828355L, 911431167L, 1912824737L, 2108061197L, 
-894272568L, 286712731L, -609528871L, 357985574L, -1486710114L, 
-1295489458L, 1317487212L, 795427916L, 148605269L, -1024962588L, 
1830549949L, -302194827L, -34160060L, 1686004028L, -1712955087L, 
-1978679983L, 346869376L, 669988955L, -456171163L, -1723230205L, 
-462338051L, 1377738963L, -997195449L, 457949239L, -1210614853L, 
-107742487L, 894494917L, -743796248L, 136120579L, -93522889L, 
-1584236915L, -754829177L, 1904381823L, 1346218040L, -2009548533L, 
545700356L, 1927482834L, -1653525052L, -882924914L, 1231740113L, 
208723305L, -1052931869L, -493199589L, -1058537177L, 282645081L, 
-1090633271L, -1670609729L, 1488257415L, -1327709689L, -1069929031L, 
441075446L, 1913717100L, -82359673L, -290792373L, -285801935L, 
912850831L, -972829272L, 1501407096L, 633203216L, -151791758L, 
-1999919296L, -1375924836L, -1247479757L, -379071720L, 811411222L, 
353398383L, -2075600306L, -1571743552L, -511689944L, -1561245745L, 
-446717896L, -861463420L, 659315808L, 929168077L, 2132228826L, 
657834588L, -408006712L, -211924842L, -216546943L, -1065732410L, 
1616923782L, 437530499L, 1806141457L, 1657879154L, -1228387052L, 
1794357652L, -344039135L, 26415874L, 1218678199L, 1791680202L, 
-448551731L, 662237632L, 1094247971L, 1549306020L, -272122650L, 
-1242713136L, -1964438882L, -1700902323L, -186084138L, 1205664579L, 
761862463L, -809637893L, 916780945L, 1996803228L, 781067104L, 
2065312785L, 1528402670L, 620658451L, 371694672L, -1111411452L, 
362601177L, -1380207161L, -726575602L, -13651360L, -2133129850L, 
-687835665L, -1272158209L, 1512977397L, -833286013L, -314732216L, 
-2138574467L, -1764791032L, 644441138L, 1894957500L, 1234987925L, 
315439902L, -2144999355L, -984034358L, 132616784L, -594743784L, 
2079711399L, 392212311L, -166568569L, -1138061695L, -1153776282L, 
-431799075L, 188961213L, 131257808L, -370027763L, 666958468L, 
726791287L, -1934353411L, -1274943941L, 842037462L, 912022766L, 
-184118410L, -755805767L, -397763919L, 994908866L, 945204970L, 
1277589283L, 1174450730L, 142186727L, -993714702L, -2041269786L, 
1055933112L, 1608815684L, 911824799L, 2036434752L, 145772629L, 
-153789126L, 776796761L, -1398429059L, 1689347852L, 39033207L, 
-793249463L, -1107157005L, -921906508L, -191147646L, 594386230L, 
1350390575L, 1583215856L, -1154502175L, -34872139L, 1723061885L, 
482771600L, -1771641414L, 573905187L, 1101145671L, 1354760651L, 
63284290L, -1299138535L, -84505874L, 1825173442L, -1639674936L, 
-1741166084L, 1342791005L, -1460724874L, 2123802266L, -212952459L, 
1320052693L, 619157278L, -995452455L, -1173959623L, 250360934L, 
-362829310L, 345854272L, 1291494136L, -440068791L, -1575361534L, 
-552005761L, -1458526968L, 1100300611L, -1862043783L, -689373651L, 
1360617063L, -1817343848L, -738163125L, 306409353L, -1248105342L, 
599003852L, -495270101L, -2068617613L, 38779135L, -1672029514L, 
-527016048L, -334258646L, 1088444612L, 1021410209L, 751603211L, 
-231047463L, -1554457209L, -283271097L, -963027447L, 1318621184L, 
1728334963L, -1504759935L, 1301394293L, -1572219242L, -796892331L, 
1015914452L, -111634611L, -2036151007L, -2017970369L, -935441982L, 
-1754662723L, 1861152300L, 556534969L, -1926988494L, 1391882833L, 
1811628616L, 931028531L, -44673228L, 100342711L, -2140516363L, 
-928428166L, -84499563L, 1016936004L, -1060085002L, -1767221642L, 
-449670222L, -1472206095L, -162806653L, -577424968L, -2079073716L, 
1004970357L, 887219442L, -532776340L, -1380934926L, 2015443404L, 
-1331698780L, 1646612928L, 798436600L, -1530827478L, -1719293274L, 
994848966L, -1924290103L, 1489746614L, -345781157L, 438883395L, 
-1039373669L, 1577682828L, -1740270492L, 788793832L, -624315106L, 
1098298430L, -599735758L, -2120489458L, -959286773L, 1565292091L, 
-1338418800L, -1740656567L, 1990410640L, 37920775L, 294424721L, 
2016028957L, 828036173L, 1861300272L, -69335801L, 411383090L, 
-916249137L, 1494806095L, 2086353287L, 1832685085L, 1989319525L, 
-2122341578L, -1637383215L, -1227525243L, -1850028603L, -287064605L, 
4638842L, -376132984L, -315137409L, 629415812L, 1596223928L, 
366853604L, 1009802275L, 2001277837L, -1239378151L, -1101437388L, 
900880270L, -2112971735L, 1016001313L, 1320156908L, 2099791400L, 
1558144367L, -1537447247L, -738643449L, -116570416L, -1837655600L, 
-394975162L, -479493419L, 1728144935L, 1663813638L, 23539266L, 
-2101298382L, 1196483404L, 1003246612L, 205949715L, -816707249L, 
-1649885851L, 1862071292L, 120871931L, -1727867292L, -38547897L, 
479927897L, 231790446L, 1137278862L, 1550991225L, -929207085L, 
-504030549L, -1292013097L, 1537347803L, 28079467L, -1238681259L, 
-1949817543L, -866514089L, -1124730662L, -1650231267L, -966141166L, 
-222567213L, -749586232L, 1196438122L, 1342400640L, -117237314L, 
-516939752L, 971244668L, -1382090042L, 2055085301L, -434488649L, 
